0.155611 0.119896 0.0974635 0.0723329 0.0466972 0.039777 0.0407329 0.0255691 0.00482177 -0.000192218 -0.00162219 0.0285139 0.0205773 0.0340683 0.0268357 0.0354974 0.0310211 0.0349192 0.00619116 0.0302919 0.0120657 0.0317474 0.0484282 0.0424269 0.033286 0.0262411 0.0158735 0.0128283 0.00922555 0.0093069 
0.119896 0.131021 0.0922153 0.0663172 0.042359 0.0349609 0.0385418 0.0261011 0.00414679 -0.00192303 -0.0175229 0.0276537 0.0148171 0.0247714 0.02392 0.0345644 0.0319808 0.0321292 0.00619321 0.0289791 0.00999481 0.0324301 0.0410162 0.0376807 0.0293124 0.0238473 0.0157938 0.0128779 0.00529485 0.00387585 
0.0974635 0.0922153 0.082236 0.0584349 0.0405273 0.0351331 0.0358589 0.0261176 0.0105008 0.00807079 -0.0041754 0.0218038 0.0145553 0.0230803 0.0193964 0.0313246 0.0273265 0.0299332 0.0101333 0.0282864 0.0169993 0.0303881 0.0377368 0.0357739 0.0292781 0.0252234 0.0194891 0.0168054 0.0113615 0.00966237 
0.0723329 0.0663172 0.0584349 0.0572212 0.0372689 0.0334577 0.0329377 0.026016 0.017393 0.0137723 0.0071239 0.0145269 0.0139346 0.0198635 0.0210808 0.0228888 0.0239513 0.0256167 0.0165498 0.0247728 0.0168988 0.0236396 0.0322688 0.0318848 0.0279433 0.0253086 0.0216662 0.0193694 0.0158666 0.0144896 
0.0466972 0.042359 0.0405273 0.0372689 0.0381695 0.0311574 0.0298777 0.0268423 0.0247716 0.0219382 0.0232157 0.00811857 0.0118802 0.016808 0.0167629 0.0195606 0.0198363 0.0250208 0.0246962 0.0227746 0.0263906 0.0209354 0.0275765 0.0283877 0.0277213 0.026774 0.024872 0.0240239 0.0239122 0.022926 
0.039777 0.0349609 0.0351331 0.0334577 0.0311574 0.0358788 0.0312282 0.0295306 0.0264099 0.0251105 0.0268237 0.00704414 0.0121901 0.0162087 0.0190229 0.0198591 0.0209463 0.0255665 0.0251453 0.025833 0.0266915 0.0232312 0.0257197 0.0274276 0.0278021 0.0279886 0.0270526 0.0267147 0.0270562 0.0266881 
0.0407329 0.0385418 0.0358589 0.0329377 0.0298777 0.0312282 0.0358315 0.0317275 0.0293063 0.0294313 0.0285433 0.00622204 0.00783299 0.0133941 0.0157623 0.0208659 0.0236684 0.0283186 0.0215348 0.0287408 0.0263287 0.0265377 0.0247131 0.0271326 0.0278579 0.0288679 0.0289176 0.0296923 0.0298202 0.0295681 
0.0255691 0.0261011 0.0261176 0.026016 0.0268423 0.0295306 0.0317275 0.0388 0.033551 0.0371797 0.0384142 0.00108361 0.00654841 0.0101638 0.0160898 0.0191768 0.0193166 0.0256091 0.0222921 0.0271488 0.0283057 0.024484 0.0216006 0.0249594 0.0274562 0.0300088 0.0322351 0.0340665 0.035107 0.0349267 
0.00482177 0.00414679 0.0105008 0.017393 0.0247716 0.0264099 0.0293063 0.033551 0.0513325 0.0495149 0.0565111 -0.00308653 0.00581849 0.00854729 0.0139838 0.0140478 0.0208711 0.0246318 0.0293081 0.03319 0.0323513 0.0207198 0.0172528 0.0222801 0.0274871 0.03193 0.0371955 0.0407653 0.0444536 0.0448576 
-0.000192218 -0.00192303 0.00807079 0.0137723 0.0219382 0.0251105 0.0294313 0.0371797 0.0495149 0.0662008 0.0659488 -0.0019796 0.00847386 0.00726734 0.0149988 0.0138838 0.0198365 0.024389 0.0264817 0.0273486 0.0302826 0.0238628 0.0172376 0.0225995 0.0285871 0.0341498 0.0408298 0.0465829 0.0520992 0.0533027 
-0.00162219 -0.0175229 -0.0041754 0.0071239 0.0232157 0.0268237 0.0285433 0.0384142 0.0565111 0.0659488 0.103104 -0.008727 0.00804137 0.0118007 0.0188042 0.0108876 0.0216129 0.0238364 0.0354723 0.0337947 0.0367264 0.0215252 0.0185343 0.0226467 0.0310279 0.0377968 0.0443309 0.0528749 0.0651927 0.0682418 
0.0285139 0.0276537 0.0218038 0.0145269 0.00811857 0.00704414 0.00622204 0.00108361 -0.00308653 -0.0019796 -0.008727 0.0228666 0.0120233 0.0120398 0.00852674 0.0104825 0.00284445 0.001095 -0.00423464 -0.00465166 -0.00476627 0.00454721 0.0127359 0.0108939 0.00858689 0.0072107 0.00486385 0.00306931 0.000616853 0.000862472 
0.0205773 0.0148171 0.0145553 0.0139346 0.0118802 0.0121901 0.00783299 0.00654841 0.00581849 0.00847386 0.00804137 0.0120233 0.0176492 0.0114021 0.0141604 0.0092801 0.00679146 0.00486114 0.00789488 -0.00170755 0.00723438 0.00127284 0.0127946 0.011985 0.0111953 0.0100476 0.00851745 0.00749939 0.00853795 0.00872032 
0.0340683 0.0247714 0.0230803 0.0198635 0.016808 0.0162087 0.0133941 0.0101638 0.00854729 0.00726734 0.0118007 0.0120398 0.0114021 0.0211589 0.0114081 0.0133955 0.0103916 0.00958098 0.00854338 0.0106773 0.00714991 0.0123382 0.0162788 0.015617 0.0142616 0.0133533 0.011703 0.0107637 0.0108703 0.0125644 
0.0268357 0.02392 0.0193964 0.0210808 0.0167629 0.0190229 0.0157623 0.0160898 0.0139838 0.0149988 0.0188042 0.00852674 0.0141604 0.0114081 0.0273204 0.0122078 0.0136822 0.0155786 0.0138844 0.0141293 0.0151752 0.0146282 0.0183072 0.0177673 0.0175512 0.0170396 0.0154939 0.0151319 0.0168032 0.0180979 
0.0354974 0.0345644 0.0313246 0.0228888 0.0195606 0.0198591 0.0208659 0.0191768 0.0140478 0.0138838 0.0108876 0.0104825 0.0092801 0.0133955 0.0122078 0.0275696 0.0125615 0.0186773 0.0122651 0.0194511 0.0201382 0.0208461 0.0198853 0.0196211 0.0180972 0.017475 0.0164334 0.0160883 0.0147985 0.0140477 
0.0310211 0.0319808 0.0273265 0.0239513 0.0198363 0.0209463 0.0236684 0.0193166 0.0208711 0.0198365 0.0216129 0.00284445 0.00679146 0.0103916 0.0136822 0.0125615 0.0284735 0.0243084 0.019587 0.0224634 0.0207686 0.0223734 0.0174674 0.0190275 0.0191405 0.019428 0.0190321 0.0196353 0.0196531 0.019629 
0.0349192 0.0321292 0.0299332 0.0256167 0.0250208 0.0255665 0.0283186 0.0256091 0.0246318 0.024389 0.0238364 0.001095 0.00486114 0.00958098 0.0155786 0.0186773 0.0243084 0.0378799 0.0265834 0.0291278 0.0275856 0.030703 0.0207313 0.022044 0.0221642 0.0221002 0.0220913 0.02242 0.0220399 0.0219084 
0.00619116 0.00619321 0.0101333 0.0165498 0.0246962 0.0251453 0.0215348 0.0222921 0.0293081 0.0264817 0.0354723 -0.00423464 0.00789488 0.00854338 0.0138844 0.0122651 0.019587 0.0265834 0.0381288 0.0219847 0.0341869 0.0196381 0.0174244 0.0184413 0.0210767 0.021867 0.0227143 0.0241901 0.0270006 0.0276519 
0.0302919 0.0289791 0.0282864 0.0247728 0.0227746 0.025833 0.0287408 0.0271488 0.03319 0.0273486 0.0337947 -0.00465166 -0.00170755 0.0106773 0.0141293 0.0194511 0.0224634 0.0291278 0.0219847 0.056398 0.0381418 0.0401759 0.019207 0.0209476 0.0216103 0.0226174 0.0229354 0.0245059 0.0251198 0.0263415 
0.0120657 0.00999481 0.0169993 0.0168988 0.0263906 0.0266915 0.0263287 0.0283057 0.0323513 0.0302826 0.0367264 -0.00476627 0.00723438 0.00714991 0.0151752 0.0201382 0.0207686 0.0275856 0.0341869 0.0381418 0.0567756 0.0324704 0.0176135 0.0193254 0.021798 0.0233914 0.0249011 0.0256809 0.0288429 0.0282913 
0.0317474 0.0324301 0.0303881 0.0236396 0.0209354 0.0232312 0.0265377 0.024484 0.0207198 0.0238628 0.0215252 0.00454721 0.00127284 0.0123382 0.0146282 0.0208461 0.0223734 0.030703 0.0196381 0.0401759 0.0324704 0.0537317 0.0212831 0.0212397 0.0210324 0.0216968 0.0221723 0.022542 0.0211631 0.022781 
0.0484282 0.0410162 0.0377368 0.0322688 0.0275765 0.0257197 0.0247131 0.0216006 0.0172528 0.0172376 0.0185343 0.0127359 0.0127946 0.0162788 0.0183072 0.0198853 0.0174674 0.0207313 0.0174244 0.019207 0.0176135 0.0212831 0.0341752 0.0280087 0.0249099 0.0231399 0.020583 0.0202389 0.0203704 0.021521 
0.0424269 0.0376807 0.0357739 0.0318848 0.0283877 0.0274276 0.0271326 0.0249594 0.0222801 0.0225995 0.0226467 0.0108939 0.011985 0.015617 0.0177673 0.0196211 0.0190275 0.022044 0.0184413 0.0209476 0.0193254 0.0212397 0.0280087 0.0280546 0.0271309 0.026623 0.0253571 0.0250169 0.0246597 0.0248775 
0.033286 0.0293124 0.0292781 0.0279433 0.0277213 0.0278021 0.0278579 0.0274562 0.0274871 0.0285871 0.0310279 0.00858689 0.0111953 0.0142616 0.0175512 0.0180972 0.0191405 0.0221642 0.0210767 0.0216103 0.021798 0.0210324 0.0249099 0.0271309 0.0283269 0.0291283 0.0291983 0.0297624 0.0304841 0.0308341 
0.0262411 0.0238473 0.0252234 0.0253086 0.026774 0.0279886 0.0288679 0.0300088 0.03193 0.0341498 0.0377968 0.0072107 0.0100476 0.0133533 0.0170396 0.017475 0.019428 0.0221002 0.021867 0.0226174 0.0233914 0.0216968 0.0231399 0.026623 0.0291283 0.0314323 0.0330691 0.034467 0.0357226 0.036202 
0.0158735 0.0157938 0.0194891 0.0216662 0.024872 0.0270526 0.0289176 0.0322351 0.0371955 0.0408298 0.0443309 0.00486385 0.00851745 0.011703 0.0154939 0.0164334 0.0190321 0.0220913 0.0227143 0.0229354 0.0249011 0.0221723 0.020583 0.0253571 0.0291983 0.0330691 0.0373254 0.0397463 0.0412599 0.0415221 
0.0128283 0.0128779 0.0168054 0.0193694 0.0240239 0.0267147 0.0296923 0.0340665 0.0407653 0.0465829 0.0528749 0.00306931 0.00749939 0.0107637 0.0151319 0.0160883 0.0196353 0.02242 0.0241901 0.0245059 0.0256809 0.022542 0.0202389 0.0250169 0.0297624 0.034467 0.0397463 0.04402 0.0469852 0.0478769 
0.00922555 0.00529485 0.0113615 0.0158666 0.0239122 0.0270562 0.0298202 0.035107 0.0444536 0.0520992 0.0651927 0.000616853 0.00853795 0.0108703 0.0168032 0.0147985 0.0196531 0.0220399 0.0270006 0.0251198 0.0288429 0.0211631 0.0203704 0.0246597 0.0304841 0.0357226 0.0412599 0.0469852 0.0534699 0.0551513 
0.0093069 0.00387585 0.00966237 0.0144896 0.022926 0.0266881 0.0295681 0.0349267 0.0448576 0.0533027 0.0682418 0.000862472 0.00872032 0.0125644 0.0180979 0.0140477 0.019629 0.0219084 0.0276519 0.0263415 0.0282913 0.022781 0.021521 0.0248775 0.0308341 0.036202 0.0415221 0.0478769 0.0551513 0.0586176 
