0.155611 0.119896 0.0974635 0.0723329 0.0466972 0.039777 0.0407329 0.0255691 0.00482177 -0.000192218 -0.00162219 0.0285139 0.0205773 0.0340683 0.0268357 0.0354974 0.0310211 0.0349192 0.00619116 0.0302919 0.0120657 0.0317474 0.0484282 0.0424269 0.033286 0.0262411 0.0158735 0.0128283 0.00922555 0.0093069 0.0688556 0.0574451 0.0452924 0.0464799 0.0405072 0.0338956 0.0182227 0.0108655 0.0121327 0.00295887 -0.0176457 0.0158506 0.0276506 0.0366079 0.0116252 0.0230592 0.0240697 0.0279644 0.0209608 0.00991515 0.0161133 0.0118249 0.0286667 0.0271356 0.0212634 0.0164447 0.0119286 0.00278335 -0.00710674 -0.0109066 
0.119896 0.131021 0.0922153 0.0663172 0.042359 0.0349609 0.0385418 0.0261011 0.00414679 -0.00192303 -0.0175229 0.0276537 0.0148171 0.0247714 0.02392 0.0345644 0.0319808 0.0321292 0.00619321 0.0289791 0.00999481 0.0324301 0.0410162 0.0376807 0.0293124 0.0238473 0.0157938 0.0128779 0.00529485 0.00387585 0.0700654 0.0590893 0.0409505 0.0484971 0.0423033 0.0375592 0.0169486 0.00921493 0.0130133 0.00379218 -0.0214347 0.0135914 0.0297091 0.03877 0.0088295 0.0245334 0.0279627 0.0265202 0.0234836 0.00295642 0.0153446 0.0084462 0.0262029 0.0260412 0.0205044 0.0165098 0.0128739 0.00349246 -0.00544163 -0.00937982 
0.0974635 0.0922153 0.082236 0.0584349 0.0405273 0.0351331 0.0358589 0.0261176 0.0105008 0.00807079 -0.0041754 0.0218038 0.0145553 0.0230803 0.0193964 0.0313246 0.0273265 0.0299332 0.0101333 0.0282864 0.0169993 0.0303881 0.0377368 0.0357739 0.0292781 0.0252234 0.0194891 0.0168054 0.0113615 0.00966237 0.0566531 0.0515082 0.0397296 0.0429958 0.0386216 0.0352565 0.0207459 0.0139788 0.0157633 0.00959571 -0.00899485 0.0136515 0.0224537 0.0298685 0.0137688 0.0223069 0.0270903 0.0263038 0.0219517 0.012467 0.0152276 0.0144372 0.0269112 0.0265889 0.0225576 0.0193399 0.0164836 0.00980329 0.00286453 0.00017035 
0.0723329 0.0663172 0.0584349 0.0572212 0.0372689 0.0334577 0.0329377 0.026016 0.017393 0.0137723 0.0071239 0.0145269 0.0139346 0.0198635 0.0210808 0.0228888 0.0239513 0.0256167 0.0165498 0.0247728 0.0168988 0.0236396 0.0322688 0.0318848 0.0279433 0.0253086 0.0216662 0.0193694 0.0158666 0.0144896 0.0442771 0.0405387 0.033196 0.0356882 0.0318586 0.0303133 0.0210871 0.0185127 0.01792 0.0140806 0.00306713 0.0121602 0.0165593 0.0246183 0.0150363 0.0213376 0.0240694 0.024258 0.0204798 0.01207 0.0155512 0.0162211 0.0240955 0.0247476 0.0224296 0.0206341 0.018739 0.015125 0.0102372 0.00850385 
0.0466972 0.042359 0.0405273 0.0372689 0.0381695 0.0311574 0.0298777 0.0268423 0.0247716 0.0219382 0.0232157 0.00811857 0.0118802 0.016808 0.0167629 0.0195606 0.0198363 0.0250208 0.0246962 0.0227746 0.0263906 0.0209354 0.0275765 0.0283877 0.0277213 0.026774 0.024872 0.0240239 0.0239122 0.022926 0.0292726 0.0287557 0.0296348 0.0280581 0.0270249 0.0265013 0.0250997 0.024769 0.0233286 0.0218284 0.0190282 0.00531072 0.0113618 0.0151765 0.0185942 0.0191581 0.0239725 0.0216216 0.0239841 0.02114 0.0200929 0.01968 0.0227346 0.0236667 0.0232882 0.0231944 0.0222374 0.0210448 0.0199031 0.01926 
0.039777 0.0349609 0.0351331 0.0334577 0.0311574 0.0358788 0.0312282 0.0295306 0.0264099 0.0251105 0.0268237 0.00704414 0.0121901 0.0162087 0.0190229 0.0198591 0.0209463 0.0255665 0.0251453 0.025833 0.0266915 0.0232312 0.0257197 0.0274276 0.0278021 0.0279886 0.0270526 0.0267147 0.0270562 0.0266881 0.0266045 0.0263002 0.0258331 0.0271812 0.0267075 0.0270644 0.0259078 0.0267572 0.0266987 0.0256166 0.02294 0.00484631 0.0100623 0.0154042 0.0173092 0.0201441 0.0247005 0.0241258 0.0258987 0.0221812 0.0213827 0.0230572 0.0215589 0.0232808 0.023752 0.0242217 0.0238187 0.0236232 0.022855 0.0235248 
0.0407329 0.0385418 0.0358589 0.0329377 0.0298777 0.0312282 0.0358315 0.0317275 0.0293063 0.0294313 0.0285433 0.00622204 0.00783299 0.0133941 0.0157623 0.0208659 0.0236684 0.0283186 0.0215348 0.0287408 0.0263287 0.0265377 0.0247131 0.0271326 0.0278579 0.0288679 0.0289176 0.0296923 0.0298202 0.0295681 0.026701 0.0279743 0.0264567 0.0277751 0.0286606 0.0287717 0.0268386 0.0271553 0.0280471 0.0278148 0.0255846 0.00462661 0.011932 0.0160729 0.0145646 0.0215367 0.0236033 0.0248126 0.0262187 0.0227494 0.0242509 0.0241243 0.0213276 0.0235171 0.0241939 0.0249499 0.0251643 0.0251484 0.0249367 0.0258611 
0.0255691 0.0261011 0.0261176 0.026016 0.0268423 0.0295306 0.0317275 0.0388 0.033551 0.0371797 0.0384142 0.00108361 0.00654841 0.0101638 0.0160898 0.0191768 0.0193166 0.0256091 0.0222921 0.0271488 0.0283057 0.024484 0.0216006 0.0249594 0.0274562 0.0300088 0.0322351 0.0340665 0.035107 0.0349267 0.0207581 0.0236144 0.0250376 0.02532 0.027583 0.0283589 0.0289213 0.0316501 0.0316035 0.0320386 0.0337989 0.00284407 0.00967442 0.0139613 0.0164598 0.0233991 0.0253072 0.0221776 0.027493 0.024794 0.0259862 0.0230018 0.0206242 0.0235267 0.0251195 0.0268663 0.0278971 0.0293298 0.0311356 0.0326409 
0.00482177 0.00414679 0.0105008 0.017393 0.0247716 0.0264099 0.0293063 0.033551 0.0513325 0.0495149 0.0565111 -0.00308653 0.00581849 0.00854729 0.0139838 0.0140478 0.0208711 0.0246318 0.0293081 0.03319 0.0323513 0.0207198 0.0172528 0.0222801 0.0274871 0.03193 0.0371955 0.0407653 0.0444536 0.0448576 0.0102119 0.0128689 0.0217658 0.0193387 0.0232932 0.024941 0.032119 0.0353958 0.0352648 0.0395513 0.0474897 0.000834382 0.00399267 0.00634579 0.0185389 0.0208384 0.0220145 0.0230892 0.0265764 0.0310523 0.0321228 0.0335395 0.0192802 0.0229996 0.0264938 0.0295935 0.0313625 0.03526 0.0396502 0.04249 
-0.000192218 -0.00192303 0.00807079 0.0137723 0.0219382 0.0251105 0.0294313 0.0371797 0.0495149 0.0662008 0.0659488 -0.0019796 0.00847386 0.00726734 0.0149988 0.0138838 0.0198365 0.024389 0.0264817 0.0273486 0.0302826 0.0238628 0.0172376 0.0225995 0.0285871 0.0341498 0.0408298 0.0465829 0.0520992 0.0533027 0.0072495 0.0133394 0.0212158 0.0208703 0.0245819 0.0270845 0.0331496 0.0365891 0.0376037 0.0413689 0.0495719 0.00111872 0.00181947 0.00605201 0.0171589 0.0214928 0.0234802 0.0231365 0.02746 0.0335135 0.0344056 0.0328553 0.018776 0.0232116 0.026992 0.0301329 0.0319623 0.0360615 0.0407049 0.044175 
-0.00162219 -0.0175229 -0.0041754 0.0071239 0.0232157 0.0268237 0.0285433 0.0384142 0.0565111 0.0659488 0.103104 -0.008727 0.00804137 0.0118007 0.0188042 0.0108876 0.0216129 0.0238364 0.0354723 0.0337947 0.0367264 0.0215252 0.0185343 0.0226467 0.0310279 0.0377968 0.0443309 0.0528749 0.0651927 0.0682418 -0.00806396 -0.001857 0.0165701 0.0111589 0.0170331 0.0202603 0.0351913 0.041744 0.0400134 0.0434167 0.0608759 -0.00428021 -0.00249138 -0.000970256 0.0242553 0.0217982 0.0179654 0.0210983 0.029594 0.0390989 0.0374926 0.038517 0.0170328 0.0214932 0.0267755 0.0308656 0.031489 0.036542 0.0425055 0.0471302 
0.0285139 0.0276537 0.0218038 0.0145269 0.00811857 0.00704414 0.00622204 0.00108361 -0.00308653 -0.0019796 -0.008727 0.0228666 0.0120233 0.0120398 0.00852674 0.0104825 0.00284445 0.001095 -0.00423464 -0.00465166 -0.00476627 0.00454721 0.0127359 0.0108939 0.00858689 0.0072107 0.00486385 0.00306931 0.000616853 0.000862472 0.0176908 0.0156177 0.00915443 0.0117743 0.0101161 0.00837206 0.00298952 -0.000451886 0.0001374 -0.00462193 -0.0122994 0.0135852 0.00996627 0.0110116 0.0016757 -0.000636242 0.00304189 0.00689732 -0.00161599 0.00286834 0.000680966 0.00136041 0.0075063 0.00734347 0.00608395 0.00494854 0.00257745 -0.000956174 -0.00541339 -0.00687576 
0.0205773 0.0148171 0.0145553 0.0139346 0.0118802 0.0121901 0.00783299 0.00654841 0.00581849 0.00847386 0.00804137 0.0120233 0.0176492 0.0114021 0.0141604 0.0092801 0.00679146 0.00486114 0.00789488 -0.00170755 0.00723438 0.00127284 0.0127946 0.011985 0.0111953 0.0100476 0.00851745 0.00749939 0.00853795 0.00872032 0.0132285 0.0119892 0.0111149 0.0110575 0.0102599 0.00996097 0.00828219 0.00653599 0.00468488 0.00228792 0.000144529 0.00718255 0.00519501 0.00442444 0.0085065 0.00493104 0.00969568 0.0071362 0.00581675 0.00563771 0.00579562 0.00682486 0.00904524 0.00886865 0.00841796 0.00799878 0.00628521 0.00467761 0.00298843 0.00259448 
0.0340683 0.0247714 0.0230803 0.0198635 0.016808 0.0162087 0.0133941 0.0101638 0.00854729 0.00726734 0.0118007 0.0120398 0.0114021 0.0211589 0.0114081 0.0133955 0.0103916 0.00958098 0.00854338 0.0106773 0.00714991 0.0123382 0.0162788 0.015617 0.0142616 0.0133533 0.011703 0.0107637 0.0108703 0.0125644 0.0156702 0.0172335 0.0159326 0.0133395 0.0129889 0.0134595 0.0102736 0.00931091 0.0103618 0.00693525 0.00414271 0.00727506 0.0082136 0.0110808 0.00501956 0.00632143 0.00927712 0.0124813 0.00994865 0.00720904 0.00522358 0.00864054 0.0112077 0.0113266 0.010988 0.0107191 0.00960769 0.00835784 0.00663829 0.00648192 
0.0268357 0.02392 0.0193964 0.0210808 0.0167629 0.0190229 0.0157623 0.0160898 0.0139838 0.0149988 0.0188042 0.00852674 0.0141604 0.0114081 0.0273204 0.0122078 0.0136822 0.0155786 0.0138844 0.0141293 0.0151752 0.0146282 0.0183072 0.0177673 0.0175512 0.0170396 0.0154939 0.0151319 0.0168032 0.0180979 0.0171729 0.0143437 0.0152799 0.0150668 0.0158096 0.0142465 0.0141199 0.0150604 0.0153514 0.0115881 0.013384 0.00527347 0.00600417 0.00844 0.0159796 0.0134237 0.0164036 0.0186631 0.0153155 0.014663 0.0133577 0.0125216 0.013416 0.014131 0.0138447 0.0138879 0.0130626 0.0122935 0.0116619 0.0108715 
0.0354974 0.0345644 0.0313246 0.0228888 0.0195606 0.0198591 0.0208659 0.0191768 0.0140478 0.0138838 0.0108876 0.0104825 0.0092801 0.0133955 0.0122078 0.0275696 0.0125615 0.0186773 0.0122651 0.0194511 0.0201382 0.0208461 0.0198853 0.0196211 0.0180972 0.017475 0.0164334 0.0160883 0.0147985 0.0140477 0.0231487 0.0223422 0.0173393 0.0196047 0.0198341 0.0191497 0.0158298 0.0138084 0.0145102 0.0110094 0.00841754 0.0048875 0.00953011 0.0137799 0.00948233 0.0141653 0.0156522 0.0175441 0.0170913 0.014747 0.0140823 0.0155376 0.014812 0.01552 0.0149169 0.0145396 0.0138971 0.0125973 0.0103043 0.011723 
0.0310211 0.0319808 0.0273265 0.0239513 0.0198363 0.0209463 0.0236684 0.0193166 0.0208711 0.0198365 0.0216129 0.00284445 0.00679146 0.0103916 0.0136822 0.0125615 0.0284735 0.0243084 0.019587 0.0224634 0.0207686 0.0223734 0.0174674 0.0190275 0.0191405 0.019428 0.0190321 0.0196353 0.0196531 0.019629 0.021296 0.0197397 0.0176705 0.0201902 0.0214837 0.0205596 0.0184422 0.0175425 0.0199574 0.0211349 0.0173132 0.0026818 0.00642191 0.0121726 0.0137295 0.0190515 0.0202031 0.0225104 0.0195931 0.018429 0.0204866 0.0206207 0.015045 0.0162386 0.01654 0.0168082 0.0170818 0.01652 0.0167427 0.0170132 
0.0349192 0.0321292 0.0299332 0.0256167 0.0250208 0.0255665 0.0283186 0.0256091 0.0246318 0.024389 0.0238364 0.001095 0.00486114 0.00958098 0.0155786 0.0186773 0.0243084 0.0378799 0.0265834 0.0291278 0.0275856 0.030703 0.0207313 0.022044 0.0221642 0.0221002 0.0220913 0.02242 0.0220399 0.0219084 0.0214164 0.0225951 0.0208301 0.0215448 0.0235035 0.0242776 0.0220675 0.0219393 0.0240571 0.0230829 0.0232895 0.00175657 0.00769079 0.0152492 0.0136108 0.0229799 0.021865 0.0238988 0.0226803 0.0258852 0.0256423 0.0199507 0.0183479 0.019322 0.0194862 0.0196598 0.0199635 0.0201073 0.0193177 0.0205037 
0.00619116 0.00619321 0.0101333 0.0165498 0.0246962 0.0251453 0.0215348 0.0222921 0.0293081 0.0264817 0.0354723 -0.00423464 0.00789488 0.00854338 0.0138844 0.0122651 0.019587 0.0265834 0.0381288 0.0219847 0.0341869 0.0196381 0.0174244 0.0184413 0.0210767 0.021867 0.0227143 0.0241901 0.0270006 0.0276519 0.00697174 0.00946301 0.0146342 0.0124371 0.014668 0.0170716 0.0215215 0.0245814 0.0221982 0.0255543 0.0314238 -0.00251325 -0.000169899 0.00408647 0.0199638 0.0164738 0.0235547 0.0216717 0.0217409 0.0276164 0.0235226 0.0226733 0.0159698 0.016562 0.0181091 0.0197296 0.0200734 0.0223372 0.0253073 0.0266598 
0.0302919 0.0289791 0.0282864 0.0247728 0.0227746 0.025833 0.0287408 0.0271488 0.03319 0.0273486 0.0337947 -0.00465166 -0.00170755 0.0106773 0.0141293 0.0194511 0.0224634 0.0291278 0.0219847 0.056398 0.0381418 0.0401759 0.019207 0.0209476 0.0216103 0.0226174 0.0229354 0.0245059 0.0251198 0.0263415 0.0214175 0.0174843 0.0213192 0.0182145 0.0227633 0.0209615 0.0229297 0.0242051 0.0275332 0.0288958 0.0340808 -0.0047797 0.00827793 0.0121165 0.0175022 0.0270406 0.0235591 0.0263049 0.0276127 0.0280913 0.0267705 0.0286353 0.0173368 0.0184785 0.0194608 0.0206145 0.02099 0.0225422 0.0247692 0.0252738 
0.0120657 0.00999481 0.0169993 0.0168988 0.0263906 0.0266915 0.0263287 0.0283057 0.0323513 0.0302826 0.0367264 -0.00476627 0.00723438 0.00714991 0.0151752 0.0201382 0.0207686 0.0275856 0.0341869 0.0381418 0.0567756 0.0324704 0.0176135 0.0193254 0.021798 0.0233914 0.0249011 0.0256809 0.0288429 0.0282913 0.0126593 0.0144284 0.0184963 0.0162681 0.0183132 0.0201355 0.0262734 0.0275542 0.0270189 0.0294655 0.0353936 -0.00792309 0.00623154 0.00329587 0.0220721 0.0207113 0.0287109 0.0291108 0.0317595 0.033983 0.0205043 0.0281501 0.0190057 0.0193616 0.0206989 0.022407 0.0226573 0.0252176 0.0290493 0.0326124 
0.0317474 0.0324301 0.0303881 0.0236396 0.0209354 0.0232312 0.0265377 0.024484 0.0207198 0.0238628 0.0215252 0.00454721 0.00127284 0.0123382 0.0146282 0.0208461 0.0223734 0.030703 0.0196381 0.0401759 0.0324704 0.0537317 0.0212831 0.0212397 0.0210324 0.0216968 0.0221723 0.022542 0.0211631 0.022781 0.0252449 0.0224197 0.0207603 0.0212236 0.0215723 0.0213998 0.0179018 0.0181376 0.0237186 0.0193641 0.0198275 -5.37628e-05 0.0092087 0.0166322 0.0139111 0.0249373 0.0257578 0.0337676 0.0285553 0.0295393 0.0278304 0.0252617 0.0191589 0.0193455 0.0191825 0.0192452 0.0195242 0.0189949 0.0197171 0.0220009 
0.0484282 0.0410162 0.0377368 0.0322688 0.0275765 0.0257197 0.0247131 0.0216006 0.0172528 0.0172376 0.0185343 0.0127359 0.0127946 0.0162788 0.0183072 0.0198853 0.0174674 0.0207313 0.0174244 0.019207 0.0176135 0.0212831 0.0341752 0.0280087 0.0249099 0.0231399 0.020583 0.0202389 0.0203704 0.021521 0.0265769 0.0246566 0.0231185 0.0229206 0.0219146 0.0211358 0.0183928 0.0172747 0.0165815 0.0141929 0.0106296 0.00928521 0.0119981 0.0143501 0.0145297 0.0146478 0.0176432 0.0179633 0.0171297 0.0156721 0.0181998 0.0185324 0.0252436 0.0223593 0.0202293 0.0187716 0.0168894 0.01464 0.0123906 0.0124121 
0.0424269 0.0376807 0.0357739 0.0318848 0.0283877 0.0274276 0.0271326 0.0249594 0.0222801 0.0225995 0.0226467 0.0108939 0.011985 0.015617 0.0177673 0.0196211 0.0190275 0.022044 0.0184413 0.0209476 0.0193254 0.0212397 0.0280087 0.0280546 0.0271309 0.026623 0.0253571 0.0250169 0.0246597 0.0248775 0.0265832 0.0259126 0.0250743 0.0254325 0.0250434 0.0245972 0.0226293 0.0220801 0.0218692 0.0203245 0.0172944 0.00862028 0.0118634 0.0148092 0.0155142 0.0163859 0.0196366 0.0202275 0.0198363 0.0184083 0.0211887 0.0213422 0.0213417 0.0224035 0.0222817 0.0222825 0.0216614 0.0205295 0.0191061 0.0191421 
0.033286 0.0293124 0.0292781 0.0279433 0.0277213 0.0278021 0.0278579 0.0274562 0.0274871 0.0285871 0.0310279 0.00858689 0.0111953 0.0142616 0.0175512 0.0180972 0.0191405 0.0221642 0.0210767 0.0216103 0.021798 0.0210324 0.0249099 0.0271309 0.0283269 0.0291283 0.0291983 0.0297624 0.0304841 0.0308341 0.0220427 0.0226943 0.0239157 0.0241298 0.0246466 0.0249726 0.0253941 0.0259683 0.0257212 0.0250025 0.0247712 0.0073716 0.0103386 0.012977 0.0166218 0.0166654 0.0200879 0.0208896 0.0215247 0.0220458 0.0243248 0.0245367 0.0197797 0.0223518 0.0236363 0.0247293 0.0247458 0.0247665 0.0246052 0.0251887 
0.0262411 0.0238473 0.0252234 0.0253086 0.026774 0.0279886 0.0288679 0.0300088 0.03193 0.0341498 0.0377968 0.0072107 0.0100476 0.0133533 0.0170396 0.017475 0.019428 0.0221002 0.021867 0.0226174 0.0233914 0.0216968 0.0231399 0.026623 0.0291283 0.0314323 0.0330691 0.034467 0.0357226 0.036202 0.0201252 0.0214333 0.0237649 0.0242839 0.0253596 0.026181 0.0277434 0.0290141 0.028972 0.0292348 0.0300658 0.00688533 0.0102307 0.0126037 0.0173464 0.01754 0.0206116 0.0217849 0.0233695 0.024527 0.0263882 0.0273394 0.0198089 0.0231803 0.0252649 0.0270583 0.0275997 0.0284643 0.0292183 0.0307076 
0.0158735 0.0157938 0.0194891 0.0216662 0.024872 0.0270526 0.0289176 0.0322351 0.0371955 0.0408298 0.0443309 0.00486385 0.00851745 0.011703 0.0154939 0.0164334 0.0190321 0.0220913 0.0227143 0.0229354 0.0249011 0.0221723 0.020583 0.0253571 0.0291983 0.0330691 0.0373254 0.0397463 0.0412599 0.0415221 0.0181015 0.0204591 0.0238522 0.0243374 0.0262617 0.0275713 0.0299528 0.0318929 0.0322105 0.0328253 0.0350472 0.00636131 0.00916163 0.0120133 0.0177817 0.0179799 0.0212811 0.0223435 0.0248462 0.0271234 0.0284466 0.0295404 0.0201799 0.0241624 0.0269173 0.029336 0.0305673 0.0323367 0.0342091 0.0368843 
0.0128283 0.0128779 0.0168054 0.0193694 0.0240239 0.0267147 0.0296923 0.0340665 0.0407653 0.0465829 0.0528749 0.00306931 0.00749939 0.0107637 0.0151319 0.0160883 0.0196353 0.02242 0.0241901 0.0245059 0.0256809 0.022542 0.0202389 0.0250169 0.0297624 0.034467 0.0397463 0.04402 0.0469852 0.0478769 0.0151778 0.0183474 0.0227468 0.0232574 0.0257994 0.0277427 0.0311838 0.0333557 0.0336211 0.034469 0.0380107 0.00525086 0.00814724 0.0108803 0.0175438 0.0188413 0.02133 0.0221331 0.0258261 0.0288888 0.030245 0.0312984 0.0198435 0.0241569 0.0273181 0.0300011 0.0312028 0.0333113 0.0359225 0.0392871 
0.00922555 0.00529485 0.0113615 0.0158666 0.0239122 0.0270562 0.0298202 0.035107 0.0444536 0.0520992 0.0651927 0.000616853 0.00853795 0.0108703 0.0168032 0.0147985 0.0196531 0.0220399 0.0270006 0.0251198 0.0288429 0.0211631 0.0203704 0.0246597 0.0304841 0.0357226 0.0412599 0.0469852 0.0534699 0.0551513 0.00837126 0.0131433 0.0202227 0.0195483 0.0233056 0.025565 0.0319169 0.0349898 0.0345158 0.0356152 0.0427477 0.00281616 0.00457598 0.00677682 0.0186384 0.0185291 0.020443 0.0211064 0.027266 0.0319934 0.0319857 0.0336775 0.0185811 0.0230156 0.026902 0.0299995 0.0308907 0.0335975 0.0374198 0.0416626 
0.0093069 0.00387585 0.00966237 0.0144896 0.022926 0.0266881 0.0295681 0.0349267 0.0448576 0.0533027 0.0682418 0.000862472 0.00872032 0.0125644 0.0180979 0.0140477 0.019629 0.0219084 0.0276519 0.0263415 0.0282913 0.022781 0.021521 0.0248775 0.0308341 0.036202 0.0415221 0.0478769 0.0551513 0.0586176 0.00749424 0.0113795 0.0193895 0.0178771 0.0219354 0.0244533 0.0314728 0.0348029 0.0345417 0.0356255 0.0439296 0.00250112 0.00452437 0.00599365 0.0178766 0.0180945 0.0196876 0.0216883 0.0265077 0.03175 0.0328903 0.0350501 0.0190254 0.0229929 0.0268733 0.0300147 0.0307977 0.0336761 0.0381844 0.0427104 
0.0688556 0.0700654 0.0566531 0.0442771 0.0292726 0.0266045 0.026701 0.0207581 0.0102119 0.0072495 -0.00806396 0.0176908 0.0132285 0.0156702 0.0171729 0.0231487 0.021296 0.0214164 0.00697174 0.0214175 0.0126593 0.0252449 0.0265769 0.0265832 0.0220427 0.0201252 0.0181015 0.0151778 0.00837126 0.00749424 0.096785 0.0709363 0.0513838 0.0533178 0.0467397 0.0372015 0.0221361 0.0152134 0.0120849 0.00913794 -0.00760627 0.0184787 0.0280575 0.0324774 0.0221856 0.0270386 0.0294996 0.0277879 0.0218874 0.0138958 0.0156524 0.0125207 0.0401357 0.0352667 0.0253428 0.0194617 0.014297 0.0113407 0.00663188 0.0044577 
0.0574451 0.0590893 0.0515082 0.0405387 0.0287557 0.0263002 0.0279743 0.0236144 0.0128689 0.0133394 -0.001857 0.0156177 0.0119892 0.0172335 0.0143437 0.0223422 0.0197397 0.0225951 0.00946301 0.0174843 0.0144284 0.0224197 0.0246566 0.0259126 0.0226943 0.0214333 0.0204591 0.0183474 0.0131433 0.0113795 0.0709363 0.0668259 0.0470075 0.0468619 0.0436438 0.0376123 0.0247216 0.0192127 0.0174728 0.0134769 0.00113983 0.0149569 0.0243919 0.027811 0.0206459 0.0239454 0.0273448 0.0248943 0.0207045 0.0160637 0.01472 0.0124206 0.0355675 0.0327074 0.0260493 0.0221985 0.0188214 0.0168446 0.0126658 0.0104229 
0.0452924 0.0409505 0.0397296 0.033196 0.0296348 0.0258331 0.0264567 0.0250376 0.0217658 0.0212158 0.0165701 0.00915443 0.0111149 0.0159326 0.0152799 0.0173393 0.0176705 0.0208301 0.0146342 0.0213192 0.0184963 0.0207603 0.0231185 0.0250743 0.0239157 0.0237649 0.0238522 0.0227468 0.0202227 0.0193895 0.0513838 0.0470075 0.0439008 0.0390998 0.0372216 0.0332342 0.0269973 0.0243929 0.0230695 0.0213803 0.0156978 0.0110392 0.0181234 0.021727 0.0209461 0.0225716 0.0262199 0.0240634 0.0245128 0.0208263 0.0211878 0.0184218 0.0322888 0.031023 0.0271833 0.0250865 0.0230638 0.0223778 0.0206031 0.0191571 
0.0464799 0.0484971 0.0429958 0.0356882 0.0280581 0.0271812 0.0277751 0.02532 0.0193387 0.0208703 0.0111589 0.0117743 0.0110575 0.0133395 0.0150668 0.0196047 0.0201902 0.0215448 0.0124371 0.0182145 0.0162681 0.0212236 0.0229206 0.0254325 0.0241298 0.0242839 0.0243374 0.0232574 0.0195483 0.0178771 0.0533178 0.0468619 0.0390998 0.0475822 0.0396877 0.0355336 0.0274383 0.0251117 0.0244717 0.0223979 0.0108979 0.0123415 0.0179807 0.0225106 0.017669 0.0232306 0.0262676 0.0253788 0.0277147 0.0168961 0.0195834 0.0202177 0.0306964 0.0307976 0.0272857 0.0255889 0.0239507 0.0223387 0.0195888 0.0175559 
0.0405072 0.0423033 0.0386216 0.0318586 0.0270249 0.0267075 0.0286606 0.027583 0.0232932 0.0245819 0.0170331 0.0101161 0.0102599 0.0129889 0.0158096 0.0198341 0.0214837 0.0235035 0.014668 0.0227633 0.0183132 0.0215723 0.0219146 0.0250434 0.0246466 0.0253596 0.0262617 0.0257994 0.0233056 0.0219354 0.0467397 0.0436438 0.0372216 0.0396877 0.0401274 0.0358221 0.0294464 0.027779 0.0277588 0.0260518 0.0193895 0.00971594 0.015855 0.0209854 0.0179208 0.0237258 0.0265795 0.0249947 0.0250789 0.0216801 0.0228631 0.0211433 0.0290252 0.0299567 0.028017 0.0271731 0.0264287 0.0253703 0.0237619 0.0225591 
0.0338956 0.0375592 0.0352565 0.0303133 0.0265013 0.0270644 0.0287717 0.0283589 0.024941 0.0270845 0.0202603 0.00837206 0.00996097 0.0134595 0.0142465 0.0191497 0.0205596 0.0242776 0.0170716 0.0209615 0.0201355 0.0213998 0.0211358 0.0245972 0.0249726 0.026181 0.0275713 0.0277427 0.025565 0.0244533 0.0372015 0.0376123 0.0332342 0.0355336 0.0358221 0.0370229 0.0305437 0.0304416 0.0314113 0.0296431 0.024016 0.00876481 0.0142263 0.0194092 0.016092 0.0229223 0.0261186 0.024477 0.0259846 0.0226511 0.0229766 0.0222739 0.0266019 0.0285822 0.0285636 0.0288834 0.0292739 0.0285519 0.0270915 0.0269883 
0.0182227 0.0169486 0.0207459 0.0210871 0.0250997 0.0259078 0.0268386 0.0289213 0.032119 0.0331496 0.0351913 0.00298952 0.00828219 0.0102736 0.0141199 0.0158298 0.0184422 0.0220675 0.0215215 0.0229297 0.0262734 0.0179018 0.0183928 0.0226293 0.0253941 0.0277434 0.0299528 0.0311838 0.0319169 0.0314728 0.0221361 0.0247216 0.0269973 0.0274383 0.0294464 0.0305437 0.035338 0.0356557 0.0365107 0.0358413 0.0385618 0.00534211 0.00988934 0.0114217 0.0195308 0.0209825 0.0229119 0.0230824 0.0262885 0.0276153 0.0266315 0.0274267 0.0241116 0.0271488 0.0294629 0.0315031 0.0327646 0.0338972 0.0350024 0.035608 
0.0108655 0.00921493 0.0139788 0.0185127 0.024769 0.0267572 0.0271553 0.0316501 0.0353958 0.0365891 0.041744 -0.000451886 0.00653599 0.00931091 0.0150604 0.0138084 0.0175425 0.0219393 0.0245814 0.0242051 0.0275542 0.0181376 0.0172747 0.0220801 0.0259683 0.0290141 0.0318929 0.0333557 0.0349898 0.0348029 0.0152134 0.0192127 0.0243929 0.0251117 0.027779 0.0304416 0.0356557 0.0418076 0.040583 0.0419667 0.0465767 0.00313109 0.00717979 0.00995473 0.0194869 0.0212406 0.023377 0.0232122 0.0277362 0.0291735 0.0297427 0.0297258 0.0224554 0.0264587 0.0302934 0.0337341 0.0361396 0.038102 0.0398851 0.040964 
0.0121327 0.0130133 0.0157633 0.01792 0.0233286 0.0266987 0.0280471 0.0316035 0.0352648 0.0376037 0.0400134 0.0001374 0.00468488 0.0103618 0.0153514 0.0145102 0.0199574 0.0240571 0.0221982 0.0275332 0.0270189 0.0237186 0.0165815 0.0218692 0.0257212 0.028972 0.0322105 0.0336211 0.0345158 0.0345417 0.0120849 0.0174728 0.0230695 0.0244717 0.0277588 0.0314113 0.0365107 0.040583 0.0483709 0.045302 0.0507651 0.00159483 0.00610745 0.0110371 0.0181498 0.0223057 0.0231759 0.0253169 0.0296073 0.0298959 0.0305214 0.0287361 0.0207771 0.0254222 0.0304901 0.0347575 0.0392478 0.0411041 0.0437783 0.044666 
0.00295887 0.00379218 0.00959571 0.0140806 0.0218284 0.0256166 0.0278148 0.0320386 0.0395513 0.0413689 0.0434167 -0.00462193 0.00228792 0.00693525 0.0115881 0.0110094 0.0211349 0.0230829 0.0255543 0.0288958 0.0294655 0.0193641 0.0141929 0.0203245 0.0250025 0.0292348 0.0328253 0.034469 0.0356152 0.0356255 0.00913794 0.0134769 0.0213803 0.0223979 0.0260518 0.0296431 0.0358413 0.0419667 0.045302 0.0561355 0.059397 0.00127577 0.00691571 0.00851711 0.0180776 0.021239 0.0234567 0.0230727 0.0298704 0.0305986 0.032241 0.0330513 0.0203714 0.0249985 0.0304133 0.0351737 0.0406261 0.0453878 0.0495549 0.0506036 
-0.0176457 -0.0214347 -0.00899485 0.00306713 0.0190282 0.02294 0.0255846 0.0337989 0.0474897 0.0495719 0.0608759 -0.0122994 0.000144529 0.00414271 0.013384 0.00841754 0.0173132 0.0232895 0.0314238 0.0340808 0.0353936 0.0198275 0.0106296 0.0172944 0.0247712 0.0300658 0.0350472 0.0380107 0.0427477 0.0439296 -0.00760627 0.00113983 0.0156978 0.0108979 0.0193895 0.024016 0.0385618 0.0465767 0.0507651 0.059397 0.086367 -0.0038768 -0.00169245 6.28565e-05 0.0206092 0.0216387 0.0219687 0.0213316 0.0303842 0.0393279 0.0374773 0.037631 0.0176848 0.0224713 0.0297064 0.0359677 0.0430796 0.0517679 0.0602142 0.0629623 
0.0158506 0.0135914 0.0136515 0.0121602 0.00531072 0.00484631 0.00462661 0.00284407 0.000834382 0.00111872 -0.00428021 0.0135852 0.00718255 0.00727506 0.00527347 0.0048875 0.0026818 0.00175657 -0.00251325 -0.0047797 -0.00792309 -5.37628e-05 0.00928521 0.00862028 0.0073716 0.00688533 0.00636131 0.00525086 0.00281616 0.00250112 0.0184787 0.0149569 0.0110392 0.0123415 0.00971594 0.00876481 0.00534211 0.00313109 0.00159483 0.00127577 -0.0038768 0.0247713 0.0120778 0.010476 0.00466744 0.00191088 0.00374814 0.00456627 0.00158543 0.00286612 0.00322885 0.00294757 0.00990713 0.00934071 0.00770429 0.00663208 0.00510813 0.00385166 0.00133309 0.000882954 
0.0276506 0.0297091 0.0224537 0.0165593 0.0113618 0.0100623 0.011932 0.00967442 0.00399267 0.00181947 -0.00249138 0.00996627 0.00519501 0.0082136 0.00600417 0.00953011 0.00642191 0.00769079 -0.000169899 0.00827793 0.00623154 0.0092087 0.0119981 0.0118634 0.0103386 0.0102307 0.00916163 0.00814724 0.00457598 0.00452437 0.0280575 0.0243919 0.0181234 0.0179807 0.015855 0.0142263 0.00988934 0.00717979 0.00610745 0.00691571 -0.00169245 0.0120778 0.0350346 0.0148505 0.0104794 0.00555195 0.00965739 0.0105373 0.0107406 0.00406473 0.00735046 0.00792648 0.0142393 0.0133425 0.0108548 0.00944239 0.00777139 0.00605894 0.00326923 0.00232577 
0.0366079 0.03877 0.0298685 0.0246183 0.0151765 0.0154042 0.0160729 0.0139613 0.00634579 0.00605201 -0.000970256 0.0110116 0.00442444 0.0110808 0.00844 0.0137799 0.0121726 0.0152492 0.00408647 0.0121165 0.00329587 0.0166322 0.0143501 0.0148092 0.012977 0.0126037 0.0120133 0.0108803 0.00677682 0.00599365 0.0324774 0.027811 0.021727 0.0225106 0.0209854 0.0194092 0.0114217 0.00995473 0.0110371 0.00851711 6.28565e-05 0.010476 0.0148505 0.035024 0.00713029 0.0156423 0.0153301 0.016189 0.0125244 0.00955883 0.00993075 0.00972953 0.0160959 0.0158991 0.0133946 0.0118853 0.0107028 0.00865819 0.00518211 0.00537308 
0.0116252 0.0088295 0.0137688 0.0150363 0.0185942 0.0173092 0.0145646 0.0164598 0.0185389 0.0171589 0.0242553 0.0016757 0.0085065 0.00501956 0.0159796 0.00948233 0.0137295 0.0136108 0.0199638 0.0175022 0.0220721 0.0139111 0.0145297 0.0155142 0.0166218 0.0173464 0.0177817 0.0175438 0.0186384 0.0178766 0.0221856 0.0206459 0.0209461 0.017669 0.0179208 0.016092 0.0195308 0.0194869 0.0181498 0.0180776 0.0206092 0.00466744 0.0104794 0.00713029 0.0482157 0.0165728 0.0193304 0.0197428 0.0184867 0.0238619 0.0224498 0.0187871 0.0191634 0.0186417 0.0177884 0.017603 0.0163772 0.0171193 0.0171218 0.0172624 
0.0230592 0.0245334 0.0223069 0.0213376 0.0191581 0.0201441 0.0215367 0.0233991 0.0208384 0.0214928 0.0217982 -0.000636242 0.00493104 0.00632143 0.0134237 0.0141653 0.0190515 0.0229799 0.0164738 0.0270406 0.0207113 0.0249373 0.0146478 0.0163859 0.0166654 0.01754 0.0179799 0.0188413 0.0185291 0.0180945 0.0270386 0.0239454 0.0225716 0.0232306 0.0237258 0.0229223 0.0209825 0.0212406 0.0223057 0.021239 0.0216387 0.00191088 0.00555195 0.0156423 0.0165728 0.0503169 0.0235755 0.022172 0.0217686 0.0215695 0.02147 0.0179614 0.0192509 0.0193987 0.0185845 0.0183995 0.0182948 0.019065 0.0198038 0.0203663 
0.0240697 0.0279627 0.0270903 0.0240694 0.0239725 0.0247005 0.0236033 0.0253072 0.0220145 0.0234802 0.0179654 0.00304189 0.00969568 0.00927712 0.0164036 0.0156522 0.0202031 0.021865 0.0235547 0.0235591 0.0287109 0.0257578 0.0176432 0.0196366 0.0200879 0.0206116 0.0212811 0.02133 0.020443 0.0196876 0.0294996 0.0273448 0.0262199 0.0262676 0.0265795 0.0261186 0.0229119 0.023377 0.0231759 0.0234567 0.0219687 0.00374814 0.00965739 0.0153301 0.0193304 0.0235755 0.0595398 0.0272829 0.0324378 0.0249052 0.0226533 0.0234966 0.0217793 0.0220943 0.0212753 0.0213592 0.021234 0.0216492 0.0225077 0.0228468 
0.0279644 0.0265202 0.0263038 0.024258 0.0216216 0.0241258 0.0248126 0.0221776 0.0230892 0.0231365 0.0210983 0.00689732 0.0071362 0.0124813 0.0186631 0.0175441 0.0225104 0.0238988 0.0216717 0.0263049 0.0291108 0.0337676 0.0179633 0.0202275 0.0208896 0.0217849 0.0223435 0.0221331 0.0211064 0.0216883 0.0277879 0.0248943 0.0240634 0.0253788 0.0249947 0.024477 0.0230824 0.0232122 0.0253169 0.0230727 0.0213316 0.00456627 0.0105373 0.016189 0.0197428 0.022172 0.0272829 0.0585666 0.0304671 0.027991 0.0261697 0.0269423 0.0210885 0.0222376 0.0222303 0.0224094 0.0229109 0.0224421 0.0221817 0.0236655 
0.0209608 0.0234836 0.0219517 0.0204798 0.0239841 0.0258987 0.0262187 0.027493 0.0265764 0.02746 0.029594 -0.00161599 0.00581675 0.00994865 0.0153155 0.0170913 0.0195931 0.0226803 0.0217409 0.0276127 0.0317595 0.0285553 0.0171297 0.0198363 0.0215247 0.0233695 0.0248462 0.0258261 0.027266 0.0265077 0.0218874 0.0207045 0.0245128 0.0277147 0.0250789 0.0259846 0.0262885 0.0277362 0.0296073 0.0298704 0.0303842 0.00158543 0.0107406 0.0125244 0.0184867 0.0217686 0.0324378 0.0304671 0.0671759 0.0276377 0.0301636 0.03468 0.0208078 0.0222601 0.023068 0.0239835 0.0248747 0.026346 0.0274387 0.0298101 
0.00991515 0.00295642 0.012467 0.01207 0.02114 0.0221812 0.0227494 0.024794 0.0310523 0.0335135 0.0390989 0.00286834 0.00563771 0.00720904 0.014663 0.014747 0.018429 0.0258852 0.0276164 0.0280913 0.033983 0.0295393 0.0156721 0.0184083 0.0220458 0.024527 0.0271234 0.0288888 0.0319934 0.03175 0.0138958 0.0160637 0.0208263 0.0168961 0.0216801 0.0226511 0.0276153 0.0291735 0.0298959 0.0305986 0.0393279 0.00286612 0.00406473 0.00955883 0.0238619 0.0215695 0.0249052 0.027991 0.0276377 0.0781774 0.0376497 0.0353973 0.0193055 0.0212541 0.0236074 0.0254943 0.0261952 0.0279585 0.0301596 0.0319606 
0.0161133 0.0153446 0.0152276 0.0155512 0.0200929 0.0213827 0.0242509 0.0259862 0.0321228 0.0344056 0.0374926 0.000680966 0.00579562 0.00522358 0.0133577 0.0140823 0.0204866 0.0256423 0.0235226 0.0267705 0.0205043 0.0278304 0.0181998 0.0211887 0.0243248 0.0263882 0.0284466 0.030245 0.0319857 0.0328903 0.0156524 0.01472 0.0211878 0.0195834 0.0228631 0.0229766 0.0266315 0.0297427 0.0305214 0.032241 0.0374773 0.00322885 0.00735046 0.00993075 0.0224498 0.02147 0.0226533 0.0261697 0.0301636 0.0376497 0.0808667 0.0462952 0.0186009 0.0219563 0.0244335 0.0264118 0.0275284 0.0291056 0.0303837 0.0328056 
0.0118249 0.0084462 0.0144372 0.0162211 0.01968 0.0230572 0.0241243 0.0230018 0.0335395 0.0328553 0.038517 0.00136041 0.00682486 0.00864054 0.0125216 0.0155376 0.0206207 0.0199507 0.0226733 0.0286353 0.0281501 0.0252617 0.0185324 0.0213422 0.0245367 0.0273394 0.0295404 0.0312984 0.0336775 0.0350501 0.0125207 0.0124206 0.0184218 0.0202177 0.0211433 0.0222739 0.0274267 0.0297258 0.0287361 0.0330513 0.037631 0.00294757 0.00792648 0.00972953 0.0187871 0.0179614 0.0234966 0.0269423 0.03468 0.0353973 0.0462952 0.0752248 0.0191067 0.0217519 0.0247906 0.0271873 0.0281268 0.0305331 0.0320331 0.0346825 
0.0286667 0.0262029 0.0269112 0.0240955 0.0227346 0.0215589 0.0213276 0.0206242 0.0192802 0.018776 0.0170328 0.0075063 0.00904524 0.0112077 0.013416 0.014812 0.015045 0.0183479 0.0159698 0.0173368 0.0190057 0.0191589 0.0252436 0.0213417 0.0197797 0.0198089 0.0201799 0.0198435 0.0185811 0.0190254 0.0401357 0.0355675 0.0322888 0.0306964 0.0290252 0.0266019 0.0241116 0.0224554 0.0207771 0.0203714 0.0176848 0.00990713 0.0142393 0.0160959 0.0191634 0.0192509 0.0217793 0.0210885 0.0208078 0.0193055 0.0186009 0.0191067 0.0348767 0.0297682 0.0253395 0.0229889 0.0208373 0.0209343 0.0199372 0.0199475 
0.0271356 0.0260412 0.0265889 0.0247476 0.0236667 0.0232808 0.0235171 0.0235267 0.0229996 0.0232116 0.0214932 0.00734347 0.00886865 0.0113266 0.014131 0.01552 0.0162386 0.019322 0.016562 0.0184785 0.0193616 0.0193455 0.0223593 0.0224035 0.0223518 0.0231803 0.0241624 0.0241569 0.0230156 0.0229929 0.0352667 0.0327074 0.031023 0.0307976 0.0299567 0.0285822 0.0271488 0.0264587 0.0254222 0.0249985 0.0224713 0.00934071 0.0133425 0.0158991 0.0186417 0.0193987 0.0220943 0.0222376 0.0222601 0.0212541 0.0219563 0.0217519 0.0297682 0.0287761 0.0267933 0.0260153 0.0250453 0.0250988 0.0243268 0.0245031 
0.0212634 0.0205044 0.0225576 0.0224296 0.0232882 0.023752 0.0241939 0.0251195 0.0264938 0.026992 0.0267755 0.00608395 0.00841796 0.010988 0.0138447 0.0149169 0.01654 0.0194862 0.0181091 0.0194608 0.0206989 0.0191825 0.0202293 0.0222817 0.0236363 0.0252649 0.0269173 0.0273181 0.026902 0.0268733 0.0253428 0.0260493 0.0271833 0.0272857 0.028017 0.0285636 0.0294629 0.0302934 0.0304901 0.0304133 0.0297064 0.00770429 0.0108548 0.0133946 0.0177884 0.0185845 0.0212753 0.0222303 0.023068 0.0236074 0.0244335 0.0247906 0.0253395 0.0267933 0.0279396 0.0289182 0.0295665 0.0298466 0.0299498 0.0305945 
0.0164447 0.0165098 0.0193399 0.0206341 0.0231944 0.0242217 0.0249499 0.0268663 0.0295935 0.0301329 0.0308656 0.00494854 0.00799878 0.0107191 0.0138879 0.0145396 0.0168082 0.0196598 0.0197296 0.0206145 0.022407 0.0192452 0.0187716 0.0222825 0.0247293 0.0270583 0.029336 0.0300011 0.0299995 0.0300147 0.0194617 0.0221985 0.0250865 0.0255889 0.0271731 0.0288834 0.0315031 0.0337341 0.0347575 0.0351737 0.0359677 0.00663208 0.00944239 0.0118853 0.017603 0.0183995 0.0213592 0.0224094 0.0239835 0.0254943 0.0264118 0.0271873 0.0229889 0.0260153 0.0289182 0.0315563 0.0332784 0.0340498 0.0349951 0.0359164 
0.0119286 0.0128739 0.0164836 0.018739 0.0222374 0.0238187 0.0251643 0.0278971 0.0313625 0.0319623 0.031489 0.00257745 0.00628521 0.00960769 0.0130626 0.0138971 0.0170818 0.0199635 0.0200734 0.02099 0.0226573 0.0195242 0.0168894 0.0216614 0.0247458 0.0275997 0.0305673 0.0312028 0.0308907 0.0307977 0.014297 0.0188214 0.0230638 0.0239507 0.0264287 0.0292739 0.0327646 0.0361396 0.0392478 0.0406261 0.0430796 0.00510813 0.00777139 0.0107028 0.0163772 0.0182948 0.021234 0.0229109 0.0248747 0.0261952 0.0275284 0.0281268 0.0208373 0.0250453 0.0295665 0.0332784 0.0376073 0.0390622 0.0410708 0.0421861 
0.00278335 0.00349246 0.00980329 0.015125 0.0210448 0.0236232 0.0251484 0.0293298 0.03526 0.0360615 0.036542 -0.000956174 0.00467761 0.00835784 0.0122935 0.0125973 0.01652 0.0201073 0.0223372 0.0225422 0.0252176 0.0189949 0.01464 0.0205295 0.0247665 0.0284643 0.0323367 0.0333113 0.0335975 0.0336761 0.0113407 0.0168446 0.0223778 0.0223387 0.0253703 0.0285519 0.0338972 0.038102 0.0411041 0.0453878 0.0517679 0.00385166 0.00605894 0.00865819 0.0171193 0.019065 0.0216492 0.0224421 0.026346 0.0279585 0.0291056 0.0305331 0.0209343 0.0250988 0.0298466 0.0340498 0.0390622 0.0440516 0.047492 0.0488219 
-0.00710674 -0.00544163 0.00286453 0.0102372 0.0199031 0.022855 0.0249367 0.0311356 0.0396502 0.0407049 0.0425055 -0.00541339 0.00298843 0.00663829 0.0116619 0.0103043 0.0167427 0.0193177 0.0253073 0.0247692 0.0290493 0.0197171 0.0123906 0.0191061 0.0246052 0.0292183 0.0342091 0.0359225 0.0374198 0.0381844 0.00663188 0.0126658 0.0206031 0.0195888 0.0237619 0.0270915 0.0350024 0.0398851 0.0437783 0.0495549 0.0602142 0.00133309 0.00326923 0.00518211 0.0171218 0.0198038 0.0225077 0.0221817 0.0274387 0.0301596 0.0303837 0.0320331 0.0199372 0.0243268 0.0299498 0.0349951 0.0410708 0.047492 0.0553336 0.0565577 
-0.0109066 -0.00937982 0.00017035 0.00850385 0.01926 0.0235248 0.0258611 0.0326409 0.04249 0.044175 0.0471302 -0.00687576 0.00259448 0.00648192 0.0108715 0.011723 0.0170132 0.0205037 0.0266598 0.0252738 0.0326124 0.0220009 0.0124121 0.0191421 0.0251887 0.0307076 0.0368843 0.0392871 0.0416626 0.0427104 0.0044577 0.0104229 0.0191571 0.0175559 0.0225591 0.0269883 0.035608 0.040964 0.044666 0.0506036 0.0629623 0.000882954 0.00232577 0.00537308 0.0172624 0.0203663 0.0228468 0.0236655 0.0298101 0.0319606 0.0328056 0.0346825 0.0199475 0.0245031 0.0305945 0.0359164 0.0421861 0.0488219 0.0565577 0.0647537 
